{
    "_versionMajor": 0,
    "_versionMinor": 3,
    "boundsCenter": {
        "x": 0.04743373394012451,
        "y": -0.042905569076538086,
        "z": -2.455899238586426
    },
    "boundsSize": {
        "x": 2.0641698837280273,
        "y": 1.5842291116714478,
        "z": 1.036659598350525
    },
    "format": "perpixel",
    "numAngles": 1,
    "perspectives": [
        {
            "clipEpsilon": 0.00558518897742033,
            "crop": {
                "w": 0.470119446516037,
                "x": 0.3286852538585663,
                "y": 0.3525896370410919,
                "z": 0.34262946248054504
            },
            "depthFocalLength": {
                "x": 919.565185546875,
                "y": 919.8468627929688
            },
            "depthImageSize": {
                "x": 1920.0,
                "y": 1080.0
            },
            "depthPrincipalPoint": {
                "x": 956.5067138671875,
                "y": 554.3261108398438
            },
            "extrinsics": {
                "e00": 0.9999987483024597,
                "e01": 0.0005738811451010406,
                "e02": -0.0014745433581992984,
                "e03": 0.032073475420475006,
                "e10": -0.0004194628563709557,
                "e11": 0.9947157502174377,
                "e12": 0.10266654938459396,
                "e13": 0.0026667071506381035,
                "e20": 0.0015256698243319988,
                "e21": -0.10266580432653427,
                "e22": 0.9947147369384766,
                "e23": 0.0035075244959443808,
                "e30": 0.0,
                "e31": 0.0,
                "e32": 0.0,
                "e33": 1.0
            },
            "farClip": 2.8853769302368164,
            "nearClip": 1.99015212059021
        }
    ],
    "textureHeight": 1008,
    "textureWidth": 640
}
